"GII.Rank" "Country" "AdolesBirRa" "MatMortRatio" "Adolescent.Birth.Rate" "ParlamRep" "FeSecondEdu" "MaSecondEdu" "LabForParFe" "LabForParMa" "edu2Fedu2M" "labFlabM" "HDI.Rank" "HDI" "LEB" "ExYeEdu" "MEYED" "GNI" "GNI,HDI"
"1" 1 "Norway" 0.067 4 7.8 39.6 97.4 96.7 61.2 68.7 97.05 64.95 1 0.944 81.6 17.5 12.6 "64,992" 5
"2" 2 "Australia" 0.11 6 12.1 30.5 94.3 94.6 58.8 71.8 94.45 65.3 2 0.935 82.4 20.2 13 "42,261" 17
"3" 3 "Switzerland" 0.028 6 1.9 28.5 95 96.6 61.8 74.9 95.8 68.35 3 0.93 83 15.8 12.8 "56,431" 6
"4" 4 "Denmark" 0.048 5 5.1 38 95.5 96.6 58.7 66.4 96.05 62.55 4 0.923 80.2 18.7 12.7 "44,025" 11
"5" 5 "Netherlands" 0.062 6 6.2 36.9 87.7 90.5 58.5 70.6 89.1 64.55 5 0.922 81.6 17.9 11.9 "45,435" 9
"6" 6 "Germany" 0.041 7 3.8 36.9 96.3 97 53.6 66.4 96.65 60 6 0.916 80.9 16.5 13.1 "43,919" 11
"7" 6 "Ireland" 0.113 9 8.2 19.9 80.5 78.6 53.1 68.1 79.55 60.6 6 0.916 80.9 18.6 12.2 "39,568" 16
"8" 8 "United States" 0.28 28 31 19.4 95.1 94.8 56.3 68.9 94.95 62.6 8 0.915 79.1 16.5 12.9 "52,947" 3
"9" 9 "Canada" 0.129 11 14.5 28.2 100 100 61.6 71 100 66.3 9 0.913 82 15.9 13 "42,155" 11
"10" 9 "New Zealand" 0.157 8 25.3 31.4 95 95.3 62 73.8 95.15 67.9 9 0.913 81.8 19.2 12.5 "32,689" 23
"11" 11 "Singapore" 0.088 6 6 25.3 74.1 81 58.8 77.2 77.55 68 11 0.912 83 15.4 10.6 "76,628" -7
"12" 12 "Hong Kong, China (SAR)" NA NA 3.3 NA 72.2 79.2 51.3 67.8 75.7 59.55 12 0.91 84 15.6 11.2 "53,959" -2
"13" 13 "Liechtenstein" NA NA NA 20 NA NA NA NA NA NA 13 0.908 80 15 11.8 "79,851" -10
"14" 14 "Sweden" 0.055 4 6.5 43.6 86.5 87.3 60.3 67.9 86.9 64.1 14 0.907 82.2 15.8 12.1 "45,636" -1
"15" 14 "United Kingdom" 0.177 8 25.8 23.5 99.8 99.9 55.7 68.7 99.85 62.2 14 0.907 80.7 16.2 13.1 "39,267" 9
"16" 16 "Iceland" 0.087 4 11.5 41.3 91 91.6 70.5 77.4 91.3 73.95 16 0.899 82.6 19 10.6 "35,182" 12
"17" 17 "Korea (Republic of)" 0.125 27 2.2 16.3 77 89.1 50.1 72.1 83.05 61.1 17 0.898 81.9 16.9 11.9 "33,890" 13
"18" 18 "Israel" 0.101 2 7.8 22.5 84.4 87.3 57.9 69.1 85.85 63.5 18 0.894 82.4 16 12.5 "30,676" 16
"19" 19 "Luxembourg" 0.1 11 8.3 28.3 100 100 50.7 64.6 100 57.65 19 0.892 81.7 13.9 11.7 "58,711" -11
"20" 20 "Japan" 0.133 6 5.4 11.6 87 85.8 48.8 70.4 86.4 59.6 20 0.891 83.5 15.3 11.5 "36,927" 7
"21" 21 "Belgium" 0.063 6 6.7 42.4 77.5 82.9 47.5 59.3 80.2 53.4 21 0.89 80.8 16.3 11.3 "41,187" 0
"22" 22 "France" 0.088 12 5.7 25.7 78 83.2 50.7 61.6 80.6 56.15 22 0.888 82.2 16 11.1 "38,056" 4
"23" 23 "Austria" 0.053 4 4.1 30.3 100 100 54.6 67.7 100 61.15 23 0.885 81.4 15.7 10.8 "43,869" -5
"24" 24 "Finland" 0.075 4 9.2 42.5 100 100 55.7 64 100 59.85 24 0.883 80.8 17.1 10.3 "38,695" 0
"25" 25 "Slovenia" 0.016 7 0.6 27.7 95.8 98 52.3 63.2 96.9 57.75 25 0.88 80.4 16.8 11.9 "27,852" 12
"26" 26 "Spain" 0.095 4 10.6 38 66.8 73.1 52.5 65.8 69.95 59.15 26 0.876 82.6 17.3 9.6 "32,045" 7
"27" 27 "Italy" 0.068 4 4 30.1 71.2 80.5 39.6 59.5 75.85 49.55 27 0.873 83.1 16 10.1 "33,030" 4
"28" 28 "Czech Republic" 0.091 5 4.9 18.9 99.9 99.7 51.1 68.3 99.8 59.7 28 0.87 78.6 16.4 12.3 "26,660" 10
"29" 29 "Greece" 0.146 5 11.9 21 59.5 67 44.2 62.5 63.25 53.35 29 0.865 80.9 17.6 10.3 "24,524" 14
"30" 30 "Estonia" 0.164 11 16.8 19.8 100 100 56.2 68.9 100 62.55 30 0.861 76.8 16.5 12.5 "25,214" 12
"31" 31 "Brunei Darussalam" NA 27 23 NA 63.9 67.8 52.6 75.3 65.85 63.95 31 0.856 78.8 14.5 8.8 "72,570" -26
"32" 32 "Cyprus" 0.124 10 5.5 12.5 76 81.7 56 71.1 78.85 63.55 32 0.85 80.2 14 11.6 "28,633" 3
"33" 32 "Qatar" 0.524 6 9.5 0 66.7 59 50.8 95.5 62.85 73.15 32 0.85 78.2 13.8 9.1 "123,124" -31
"34" 34 "Andorra" NA NA NA 50 49.5 49.3 NA NA 49.4 NA 34 0.845 81.3 13.5 9.6 "43,978" -18
"35" 35 "Slovakia" 0.164 7 15.9 18.7 99.1 99.5 51.1 68.6 99.3 59.85 35 0.844 76.3 15.1 12.2 "25,845" 5
"36" 36 "Poland" 0.138 3 12.2 22.1 79.4 85.5 48.9 64.9 82.45 56.9 36 0.843 77.4 15.5 11.8 "23,177" 10
"37" 37 "Lithuania" 0.125 11 10.6 23.4 89.1 94.3 55.8 67.3 91.7 61.55 37 0.839 73.3 16.4 12.4 "24,500" 7
"38" 37 "Malta" 0.227 9 18.2 13 68.6 78.2 37.9 66.3 73.4 52.1 37 0.839 80.6 14.4 10.3 "27,930" -1
"39" 39 "Saudi Arabia" 0.284 16 10.2 19.9 60.5 70.3 20.2 78.3 65.4 49.25 39 0.837 74.3 16.3 8.7 "52,821" -27
"40" 40 "Argentina" 0.376 69 54.4 36.8 56.3 57.6 47.5 75 56.95 61.25 40 0.836 76.3 17.9 9.8 "22,050" 11
"41" 41 "United Arab Emirates" 0.232 8 27.6 17.5 73.1 61.2 46.5 92 67.15 69.25 41 0.835 77 13.3 9.5 "60,868" -34
"42" 42 "Chile" 0.338 22 55.3 15.8 73.3 76.4 49.2 74.8 74.85 62 42 0.832 81.7 15.2 9.8 "21,290" 11
"43" 43 "Portugal" 0.111 8 12.6 31.3 47.7 48.2 54.9 66.2 47.95 60.55 43 0.83 80.9 16.3 8.2 "25,757" -2
"44" 44 "Hungary" 0.209 14 12.1 10.1 97.9 98.7 44.8 60 98.3 52.4 44 0.828 75.2 15.4 11.6 "22,916" 3
"45" 45 "Bahrain" 0.265 22 13.8 15 56.7 51.4 39.2 86.9 54.05 63.05 45 0.824 76.6 14.4 9.4 "38,599" -20
"46" 46 "Latvia" 0.167 13 13.5 18 98.9 99 54.9 67.6 98.95 61.25 46 0.819 74.2 15.2 11.5 "22,281" 4
"47" 47 "Croatia" 0.149 13 12.7 25.8 85 93.6 44.7 58.4 89.3 51.55 47 0.818 77.3 14.8 11 "19,409" 11
"48" 48 "Kuwait" 0.387 14 14.5 1.5 55.6 56.3 43.6 83.1 55.95 63.35 48 0.816 74.4 14.7 7.2 "83,961" -46
"49" 49 "Montenegro" 0.171 7 15.2 17.3 84.2 94.7 43 57.3 89.45 50.15 49 0.802 76.2 15.2 11.2 "14,558" 27
"50" 50 "Belarus" 0.151 1 20.6 30.1 87 92.2 50.1 63.1 89.6 56.6 50 0.798 71.3 15.7 12 "16,676" 14
"51" 50 "Russian Federation" 0.276 24 25.7 14.5 89.6 92.5 57.1 71.7 91.05 64.4 50 0.798 70.1 14.7 12 "22,352" -1
"52" 52 "Oman" 0.275 11 10.6 9.6 47.2 57.1 29 82.6 52.15 55.8 52 0.793 76.8 13.6 8 "34,858" -23
"53" 52 "Romania" 0.333 33 31 12 86.1 92 48.7 64.9 89.05 56.8 52 0.793 74.7 14.2 10.8 "18,108" 10
"54" 52 "Uruguay" 0.313 14 58.3 11.5 54.4 50.3 55.6 76.8 52.35 66.2 52 0.793 77.2 15.5 8.5 "19,283" 7
"55" 55 "Bahamas" 0.298 37 28.5 16.7 91.2 87.6 69.3 79.3 89.4 74.3 55 0.79 75.4 12.6 10.9 "21,336" -3
"56" 56 "Kazakhstan" 0.267 26 29.9 20.1 95.3 98.8 67.7 77.9 97.05 72.8 56 0.788 69.4 15 11.4 "20,867" -1
"57" 57 "Barbados" 0.357 52 48.4 19.6 89.5 87.7 65.9 76.6 88.6 71.25 57 0.785 75.6 15.4 10.5 "12,488" 27
"58" 58 "Antigua and Barbuda" NA NA 49.3 25.7 NA NA NA NA NA NA 58 0.783 76.1 14 9.2 "20,070" -1
"59" 59 "Bulgaria" 0.212 5 35.9 20.4 93 95.7 47.9 59 94.35 53.45 59 0.782 74.2 14.4 10.6 "15,596" 13
"60" 60 "Palau" NA NA NA 10.3 NA NA NA NA NA NA 60 0.78 72.7 13.7 12.3 "13,496" 18
"61" 60 "Panama" 0.454 85 78.5 19.3 54 49.9 49 81.8 51.95 65.4 60 0.78 77.6 13.3 9.3 "18,192" 1
"62" 62 "Malaysia" 0.209 29 5.7 14.2 65.1 71.3 44.4 75.5 68.2 59.95 62 0.779 74.7 12.7 10 "22,762" -14
"63" 63 "Mauritius" 0.419 73 30.9 11.6 49.4 58 43.6 74.2 53.7 58.9 63 0.777 74.4 15.6 8.5 "17,470" 0
"64" 64 "Seychelles" NA NA 56.3 43.8 66.9 66.6 NA NA 66.75 NA 64 0.772 73.1 13.4 9.4 "23,300" -19
"65" 64 "Trinidad and Tobago" 0.371 84 34.8 24.7 59.7 60.9 53 75.5 60.3 64.25 64 0.772 70.4 12.3 10.9 "26,090" -25
"66" 66 "Serbia" 0.176 16 16.9 34 58.4 73.6 44.5 60.9 66 52.7 66 0.771 74.9 14.4 10.5 "12,190" 20
"67" 67 "Cuba" 0.356 80 43.1 48.9 74.3 78.8 43.4 70 76.55 56.7 67 0.769 79.4 13.8 11.5 "7,301" 47
"68" 67 "Lebanon" 0.385 16 12 3.1 53 55.4 23.3 70.9 54.2 47.1 67 0.769 79.3 13.8 7.9 "16,509" -1
"69" 69 "Costa Rica" 0.349 38 60.8 33.3 50.7 50.5 46.6 79 50.6 62.8 69 0.766 79.4 13.9 8.4 "13,413" 10
"70" 69 "Iran (Islamic Republic of)" 0.515 23 31.6 3.1 62.2 67.6 16.6 73.6 64.9 45.1 69 0.766 75.4 15.1 8.2 "15,440" 4
"71" 71 "Venezuela (Bolivarian Republic of)" 0.476 110 83.2 17 56.6 50.8 51.1 79.2 53.7 65.15 71 0.762 74.2 14.2 8.9 "16,159" -2
"72" 72 "Turkey" 0.359 20 30.9 14.4 39 60 29.4 70.8 49.5 50.1 72 0.761 75.3 14.5 7.6 "18,677" -12
"73" 73 "Sri Lanka" 0.37 29 16.9 5.8 72.7 76.4 35.1 76.3 74.55 55.7 73 0.757 74.9 13.7 10.8 "9,779" 29
"74" 74 "Mexico" 0.373 49 63.4 37.1 55.7 60.6 45.1 79.9 58.15 62.5 74 0.756 76.8 13.1 8.5 "16,056" -4
"75" 75 "Brazil" 0.457 69 70.8 9.6 54.6 52.4 59.4 80.8 53.5 70.1 75 0.755 74.5 15.2 7.7 "15,175" -1
"76" 76 "Georgia" 0.382 41 46.8 11.3 89.7 92.7 56.5 75.1 91.2 65.8 76 0.754 74.9 13.8 12.1 "7,164" 40
"77" 77 "Saint Kitts and Nevis" NA NA NA 6.7 NA NA NA NA NA NA 77 0.752 73.8 12.9 8.4 "20,805" -21
"78" 78 "Azerbaijan" 0.303 26 40 15.6 93.7 97.4 62.9 69.6 95.55 66.25 78 0.751 70.8 11.9 11.2 "16,428" -11
"79" 79 "Grenada" NA 23 35.4 25 NA NA NA NA NA NA 79 0.75 73.4 15.8 8.6 "10,939" 14
"80" 80 "Jordan" 0.473 50 26.5 11.6 69.5 78.5 15.6 66.6 74 41.1 80 0.748 74 13.5 9.9 "11,365" 11
"81" 81 "The former Yugoslav Republic of Macedonia" 0.164 7 18.3 33.3 40.2 55.6 43.1 67.5 47.9 55.3 81 0.747 75.4 13.4 9.3 "11,780" 9
"82" 81 "Ukraine" 0.286 23 25.7 11.8 91.7 95.9 53.2 66.9 93.8 60.05 81 0.747 71 15.1 11.3 "8,178" 25
"83" 83 "Algeria" 0.413 89 10 25.7 26.7 31 15.2 72.2 28.85 43.7 83 0.736 74.8 14 7.6 "13,054" -1
"84" 84 "Peru" 0.406 89 50.7 22.3 56.3 66.1 68.2 84.4 61.2 76.3 84 0.734 74.6 13.1 9 "11,015" 8
"85" 85 "Albania" 0.217 21 15.3 20.7 81.8 87.9 44.9 65.5 84.85 55.2 85 0.733 77.8 11.8 9.3 "9,943" 14
"86" 85 "Armenia" 0.318 29 27.1 10.7 94 95 54.2 72.6 94.5 63.4 85 0.733 74.7 12.3 10.9 "8,124" 22
"87" 85 "Bosnia and Herzegovina" 0.201 8 15.1 19.3 44.9 69.8 34.1 57.3 57.35 45.7 85 0.733 76.5 13.6 8.3 "9,638" 19
"88" 88 "Ecuador" 0.407 87 77 41.6 40.1 39.4 54.7 82.7 39.75 68.7 88 0.732 75.9 14.2 7.6 "10,605" 7
"89" 89 "Saint Lucia" NA 34 56.3 20.7 NA NA 62.7 76.2 NA 69.45 89 0.729 75.1 12.6 9.3 "9,765" 14
"90" 90 "China" 0.191 32 8.6 23.6 58.7 71.9 63.9 78.3 65.3 71.1 90 0.727 75.8 13.1 7.5 "12,547" -7
"91" 90 "Fiji" 0.418 59 42.8 14 64.2 64.5 37.5 72 64.35 54.75 90 0.727 70 15.7 9.9 "7,493" 21
"92" 90 "Mongolia" 0.325 68 18.7 14.9 85.3 84.1 56.6 69.3 84.7 62.95 90 0.727 69.4 14.6 9.3 "10,729" 4
"93" 93 "Thailand" 0.38 26 41 6.1 35.7 40.8 64.3 80.7 38.25 72.5 93 0.726 74.4 13.5 7.3 "13,323" -13
"94" 94 "Dominica" NA NA NA 21.9 29.7 23.2 NA NA 26.45 NA 94 0.724 77.8 12.7 7.9 "9,994" 4
"95" 94 "Libya" 0.134 15 2.5 16 55.5 41.9 30 76.4 48.7 53.2 94 0.724 71.6 14 7.3 "14,911" -19
"96" 96 "Tunisia" 0.24 46 4.6 31.3 32.8 46.1 25.1 70.9 39.45 48 96 0.721 74.8 14.6 6.8 "10,404" 1
"97" 97 "Colombia" 0.429 83 68.5 20.9 56.9 55.6 55.8 79.7 56.25 67.75 97 0.72 74 13.5 7.3 "12,040" -9
"98" 97 "Saint Vincent and the Grenadines" NA 45 54.5 13 NA NA 55.7 78 NA 66.85 97 0.72 72.9 13.4 8.6 "9,937" 3
"99" 99 "Jamaica" 0.43 80 70.1 16.7 74 70.2 56.1 70.9 72.1 63.5 99 0.719 75.7 12.4 9.7 "7,415" 13
"100" 100 "Tonga" 0.666 120 18.1 0 87.5 88.3 53.5 74.6 87.9 64.05 100 0.717 72.8 14.7 10.7 "5,069" 32
"101" 101 "Belize" 0.426 45 71.4 13.3 76.4 75.8 49.2 82.3 76.1 65.75 101 0.715 70 13.6 10.5 "7,614" 9
"102" 101 "Dominican Republic" 0.477 100 99.6 19.1 55.6 53.1 51.3 78.6 54.35 64.95 101 0.715 73.5 13.1 7.6 "11,883" -12
"103" 103 "Suriname" 0.463 130 35.2 11.8 44.6 47.1 40.5 68.8 45.85 54.65 103 0.714 71.1 12.7 7.7 "15,617" -32
"104" 104 "Maldives" 0.243 31 4.2 5.9 27.3 32.7 56.2 77.5 30 66.85 104 0.706 76.8 13 5.8 "12,328" -19
"105" 105 "Samoa" 0.457 58 28.3 6.1 64.3 60 23.5 58.4 62.15 40.95 105 0.702 73.4 12.9 10.3 "5,327" 24
"106" 106 "Botswana" 0.48 170 44.2 9.5 73.6 77.9 71.9 81.6 75.75 76.75 106 0.698 64.5 12.5 8.9 "16,646" -41
"107" 107 "Moldova (Republic of)" 0.248 21 29.3 20.8 93.6 96.6 37.6 44.2 95.1 40.9 107 0.693 71.6 11.9 11.2 "5,223" 23
"108" 108 "Egypt" 0.573 45 43 2.2 43.9 60.6 23.7 74.8 52.25 49.25 108 0.69 71.1 13.5 6.6 "10,512" -12
"109" 109 "Turkmenistan" NA 61 18 25.8 NA NA 46.9 76.9 NA 61.9 109 0.688 65.6 10.8 9.9 "13,066" -28
"110" 110 "Gabon" 0.514 240 103 16.2 53.9 36.1 56.2 65.4 45 60.8 110 0.684 64.4 12.5 7.8 "16,367" -42
"111" 110 "Indonesia" 0.494 190 48.3 17.1 39.9 49.2 51.4 84.2 44.55 67.8 110 0.684 68.9 13 7.6 "9,788" -9
"112" 112 "Paraguay" 0.472 110 67 16.8 36.8 43 55.7 84.8 39.9 70.25 112 0.679 72.9 11.9 7.7 "7,643" -3
"113" 113 "Palestine, State of" NA NA 45.8 NA 53.9 59.4 15.4 66.4 56.65 40.9 113 0.677 72.9 13 8.9 "4,699" 21
"114" 114 "Uzbekistan" NA 36 38.8 16.4 NA NA 48.1 75.6 NA 61.85 114 0.675 68.4 11.5 10.9 "5,567" 10
"115" 115 "Philippines" 0.42 120 46.8 27.1 65.9 63.7 51.1 79.7 64.8 65.4 115 0.668 68.2 11.3 8.9 "7,915" -7
"116" 116 "El Salvador" 0.427 69 76 27.4 36.8 43.6 47.8 79 40.2 63.4 116 0.666 73 12.3 6.5 "7,349" -3
"117" 116 "South Africa" 0.407 140 50.9 40.7 72.7 75.9 44.5 60.5 74.3 52.5 116 0.666 57.4 13.6 9.9 "12,122" -29
"118" 116 "Viet Nam" 0.308 49 29 24.3 59.4 71.2 73 82.2 65.3 77.6 116 0.666 75.8 11.9 7.5 "5,092" 15
"119" 119 "Bolivia (Plurinational State of)" 0.444 200 71.9 51.8 47.6 59.1 64.2 80.9 53.35 72.55 119 0.662 68.3 13.2 8.2 "5,760" 4
"120" 120 "Kyrgyzstan" 0.353 75 29.3 23.3 94.5 96.8 56 79.5 95.65 67.75 120 0.655 70.6 12.5 10.6 "3,044" 29
"121" 121 "Iraq" 0.539 67 68.7 26.5 27.8 50.2 14.9 69.8 39 42.35 121 0.654 69.4 10.1 6.4 "14,003" -44
"122" 122 "Cabo Verde" NA 53 70.6 20.8 NA NA 51.5 83.7 NA 67.6 122 0.646 73.3 13.5 4.7 "6,094" -1
"123" 123 "Micronesia (Federated States of)" NA 96 18.6 0 NA NA NA NA NA NA 123 0.64 69.1 11.7 9.7 "3,432" 21
"124" 124 "Guyana" 0.515 250 88.5 31.3 60.3 47.8 42.6 80.5 54.05 61.55 124 0.636 66.4 10.3 8.5 "6,522" -4
"125" 125 "Nicaragua" 0.449 100 100.8 39.1 39.4 38.3 47.4 80.3 38.85 63.85 125 0.631 74.9 11.5 6 "4,457" 12
"126" 126 "Morocco" 0.525 120 35.8 11 20.7 30.2 26.5 75.8 25.45 51.15 126 0.628 74 11.6 4.4 "6,850" -8
"127" 126 "Namibia" 0.401 130 54.9 37.7 33.3 34.4 54.7 63.7 33.85 59.2 126 0.628 64.8 11.3 6.2 "9,418" -21
"128" 128 "Guatemala" 0.533 140 97.2 13.3 21.9 23.2 49.3 88.2 22.55 68.75 128 0.627 71.8 10.7 5.6 "6,929" -11
"129" 129 "Tajikistan" 0.357 44 42.8 15.2 95.1 91.2 58.9 77.1 93.15 68 129 0.624 69.4 11.2 10.4 "2,517" 27
"130" 130 "India" 0.563 190 32.8 12.2 27 56.6 27 79.9 41.8 53.45 130 0.609 68 11.7 5.4 "5,497" -4
"131" 131 "Honduras" 0.48 120 84 25.8 28 25.8 42.8 82.9 26.9 62.85 131 0.606 73.1 11.1 5.5 "3,938" 7
"132" 132 "Bhutan" 0.457 120 40.9 8.3 34 34.5 66.7 77.2 34.25 71.95 132 0.605 69.5 12.6 3 "7,176" -17
"133" 133 "Timor-Leste" NA 270 52.2 38.5 NA NA 24.6 50.8 NA 37.7 133 0.595 68.2 11.7 4.4 "5,363" -6
"134" 134 "Syrian Arab Republic" 0.533 49 41.6 12.4 29.5 40.5 13.5 72.7 35 43.1 134 0.594 69.6 12.3 6.3 "2,728" 21
"135" 134 "Vanuatu" NA 86 44.8 0 NA NA 61.5 80 NA 70.75 134 0.594 71.9 10.6 6.8 "2,803" 19
"136" 136 "Congo" 0.593 410 126.7 11.5 39.7 47 68.5 73 43.35 70.75 136 0.591 62.3 11.1 6.1 "6,012" -14
"137" 137 "Kiribati" NA 130 16.6 8.7 NA NA NA NA NA NA 137 0.59 66 12.3 7.8 "2,434" 21
"138" 138 "Equatorial Guinea" NA 290 112.6 19.7 NA NA 80.7 92.2 NA 86.45 138 0.587 57.6 9 5.5 "21,056" -84
"139" 139 "Zambia" 0.587 280 125.4 12.7 25.8 44 73.1 85.6 34.9 79.35 139 0.586 60.1 13.5 6.6 "3,734" 2
"140" 140 "Ghana" 0.554 380 58.4 10.9 45.2 64.7 67.3 71.4 54.95 69.35 140 0.579 61.4 11.5 7 "3,852" -1
"141" 141 "Lao People's Democratic Republic" NA NA 65 25 22.9 37 76.3 79.1 29.95 77.7 141 0.575 66.2 10.6 5 "4,680" -6
"142" 142 "Bangladesh" 0.503 170 80.6 20 34.1 41.3 57.4 84.1 37.7 70.75 142 0.57 71.6 10 5.1 "3,191" 5
"143" 143 "Cambodia" 0.477 170 44.3 19 9.9 22.9 78.8 86.5 16.4 82.65 143 0.555 68.4 10.9 4.4 "2,949" 7
"144" 143 "Sao Tome and Principe" NA 210 65.1 18.2 NA NA 45.3 77.8 NA 61.55 143 0.555 66.5 11.3 4.7 "2,918" 8
"145" 145 "Kenya" 0.552 400 93.6 20.8 25.3 31.4 62.2 72.4 28.35 67.3 145 0.548 61.6 11 6.3 "2,762" 9
"146" 145 "Nepal" 0.489 190 73.7 29.5 17.7 38.2 79.9 87.1 27.95 83.5 145 0.548 69.6 12.4 3.3 "2,311" 16
"147" 147 "Pakistan" 0.536 170 27.3 19.7 19.3 46.1 24.6 82.9 32.7 53.75 147 0.538 66.2 7.8 4.7 "4,866" -14
"148" 148 "Myanmar" 0.413 200 12.1 4.7 22.9 15.3 75.2 82.3 19.1 78.75 148 0.536 65.9 8.6 4.1 "4,608" -12
"149" 149 "Angola" NA 460 170.2 36.8 NA NA 63.3 76.9 NA 70.1 149 0.532 52.3 11.4 4.7 "6,822" -30
"150" 150 "Swaziland" 0.557 310 72 14.7 21.9 26 43.9 71.6 23.95 57.75 150 0.531 49 11.3 7.1 "5,542" -25
"151" 151 "Tanzania (United Republic of)" 0.547 410 122.7 36 5.6 9.5 88.1 90.2 7.55 89.15 151 0.521 65 9.2 5.1 "2,411" 8
"152" 152 "Nigeria" NA 560 119.6 6.6 NA NA 48.2 63.7 NA 55.95 152 0.514 52.8 9 5.9 "5,341" -24
"153" 153 "Cameroon" 0.587 590 115.8 27.1 21.3 34.9 63.8 76.8 28.1 70.3 153 0.512 55.5 10.4 6 "2,803" -1
"154" 154 "Madagascar" NA 440 122.8 20.5 NA NA 86.6 90.5 NA 88.55 154 0.51 65.1 10.3 6 "1,328" 24
"155" 155 "Zimbabwe" 0.504 470 60.3 35.1 48.7 62 83.2 89.7 55.35 86.45 155 0.509 57.5 10.9 7.3 "1,615" 13
"156" 156 "Mauritania" 0.61 320 73.3 22.2 8.3 20.9 28.7 79.1 14.6 53.9 156 0.506 63.1 8.5 3.8 "3,560" -14
"157" 156 "Solomon Islands" NA 130 64.9 2 NA NA 53.4 79 NA 66.2 156 0.506 67.9 9.2 5 "1,540" 16
"158" 158 "Papua New Guinea" 0.611 220 62.1 2.7 7.6 14.5 70.5 74 11.05 72.25 158 0.505 62.6 9.9 4 "2,463" -1
"159" 159 "Comoros" NA 350 51.1 3 NA NA 35.2 80.1 NA 57.65 159 0.503 63.3 11.5 4.6 "1,456" 16
"160" 160 "Yemen" 0.744 270 47 0.7 8.6 26.7 25.4 72.2 17.65 48.8 160 0.498 63.8 9.2 2.6 "3,519" -17
"161" 161 "Lesotho" 0.541 490 89.4 26.8 21.9 19 59 73.5 20.45 66.25 161 0.497 49.8 11.1 5.9 "3,306" -16
"162" 162 "Togo" 0.588 450 91.5 17.6 16.1 40.3 80.6 81.3 28.2 80.95 162 0.484 59.7 12.2 4.5 "1,228" 17
"163" 163 "Haiti" 0.603 380 42 3.5 22.4 35.2 60.9 71 28.8 65.95 163 0.483 62.8 8.7 4.9 "1,669" 4
"164" 163 "Rwanda" 0.4 320 33.6 57.5 8 8.8 86.4 85.3 8.4 85.85 163 0.483 64.2 10.3 3.7 "1,458" 11
"165" 163 "Uganda" 0.538 360 126.6 35 22.9 33.5 75.8 79.2 28.2 77.5 163 0.483 58.5 9.8 5.4 "1,613" 6
"166" 166 "Benin" 0.614 340 90.2 8.4 11.3 27 67.6 78.3 19.15 72.95 166 0.48 59.6 11.1 3.3 "1,767" 0
"167" 167 "Sudan" 0.591 360 84 23.8 12.1 18.2 31.3 76 15.15 53.65 167 0.479 63.5 7 3.1 "3,809" -27
"168" 168 "Djibouti" NA 230 18.6 12.7 NA NA 36.3 67.7 NA 52 168 0.47 62 6.4 3.8 "3,276" -22
"169" 169 "South Sudan" NA 730 75.3 24.3 NA NA NA NA NA NA 169 0.467 55.7 7.6 5.4 "2,332" -9
"170" 170 "Senegal" 0.528 320 94.4 42.7 7.2 15.4 66 88 11.3 77 170 0.466 66.5 7.9 2.5 "2,188" -8
"171" 171 "Afghanistan" 0.693 400 86.8 27.6 5.9 29.8 15.8 79.5 17.85 47.65 171 0.465 60.4 9.3 3.2 "1,885" -7
"172" 172 "Côte d'Ivoire" 0.679 720 130.3 9.2 14 30.1 52.4 81.4 22.05 66.9 172 0.462 51.5 8.9 4.3 "3,171" -24
"173" 173 "Malawi" 0.611 510 144.8 16.7 11.1 21.6 84.6 81.5 16.35 83.05 173 0.445 62.8 10.8 4.3 "747" 13
"174" 174 "Ethiopia" 0.558 420 78.4 25.5 7.8 18.2 78.2 89.3 13 83.75 174 0.442 64.1 8.5 2.4 "1,428" 2
"175" 175 "Gambia" 0.622 430 115.8 9.4 17.4 31.5 72.2 82.9 24.45 77.55 175 0.441 60.2 8.8 2.8 "1,507" -2
"176" 176 "Congo (Democratic Republic of the)" 0.673 730 135.3 8.2 12.8 32.4 70.7 73.2 22.6 71.95 176 0.433 58.7 9.8 6 "680" 11
"177" 177 "Liberia" 0.651 640 117.4 10.7 15.4 39.3 58.2 64.8 27.35 61.5 177 0.43 60.9 9.5 4.1 "805" 7
"178" 178 "Guinea-Bissau" NA 560 99.3 13.7 NA NA 68.2 78.5 NA 73.35 178 0.42 55.2 9 2.8 "1,362" -1
"179" 179 "Mali" 0.677 550 175.6 9.5 7.7 15.1 50.8 81.4 11.4 66.1 179 0.419 58 8.4 2 "1,583" -8
"180" 180 "Mozambique" 0.591 480 137.8 39.6 1.4 6.2 85.5 82.8 3.8 84.15 180 0.416 55.1 9.3 3.2 "1,123" 1
"181" 181 "Sierra Leone" 0.65 1100 100.7 12.4 10 21.7 65.7 69 15.85 67.35 181 0.413 50.9 8.6 3.1 "1,780" -16
"182" 182 "Guinea" NA 650 131 21.9 NA NA 65.6 78.3 NA 71.95 182 0.411 58.8 8.7 2.4 "1,096" 0
"183" 183 "Burkina Faso" 0.631 400 115.4 13.3 0.9 3.2 77.1 90 2.05 83.55 183 0.402 58.7 7.8 1.4 "1,591" -13
"184" 184 "Burundi" 0.492 740 30.3 34.9 5.3 8.3 83.3 82 6.8 82.65 184 0.4 56.7 10.1 2.7 "758" 1
"185" 185 "Chad" 0.706 980 152 14.9 1.7 9.9 64 79.2 5.8 71.6 185 0.392 51.6 7.4 1.9 "2,085" -22
"186" 186 "Eritrea" NA 380 65.3 22 NA NA 80 89.8 NA 84.9 186 0.391 63.7 4.1 3.9 "1,130" -6
"187" 187 "Central African Republic" 0.655 880 98.3 12.5 10.1 26.7 72.6 85.1 18.4 78.85 187 0.35 50.7 7.2 4.2 "581" 1
"188" 188 "Niger" 0.713 630 204.8 13.3 2.4 7.8 40 89.7 5.1 64.85 188 0.348 61.4 5.4 1.5 "908" -5
"189" NA "Arab States" 0.537 155 45.4 14 34.7 47.6 23.2 75.3 41.15 49.25 NA 0.686 70.6 12 6.4 "15,722" NA
"190" NA "East Asia and the Pacific" 0.328 72 21.2 18.7 54.7 66.3 62.6 79.4 60.5 71 NA 0.71 74 12.7 7.5 "11,449" NA
"191" NA "Europe and Central Asia" 0.3 28 30.8 19 70.8 80.6 45.6 70 75.7 57.8 NA 0.748 72.3 13.6 10 "12,791" NA
"192" NA "Latin America and the Caribbean" 0.415 85 68.3 27 54.3 55.2 53.7 79.8 54.75 66.75 NA 0.748 75 14 8.2 "14,242" NA
"193" NA "South Asia" 0.536 183 38.7 17.5 29.1 54.6 29.8 80.3 41.85 55.05 NA 0.607 68.4 11.2 5.5 "5,605" NA
"194" NA "Sub-Saharan Africa" 0.575 506 109.7 22.5 22.1 31.5 65.4 76.6 26.8 71 NA 0.518 58.5 9.6 5.2 "3,363" NA
"195" NA "World" 0.449 210 47.4 21.8 54.5 65.4 50.3 76.7 59.95 63.5 NA 0.711 71.5 12.2 7.9 "14,301" NA
